0.725734	5	383	1144	1853	3182	3946	
0.714196	5	2240	2348	2374	2741	4413	
0.706825	3	472	2664	3316	
0.698978	7	417	1024	1918	2849	2897	3514	4761	
0.666121	2	809	2706	
0.665518	7	1133	1947	1966	2131	2832	3500	3777	
0.652452	3	1615	3836	4859	
0.652452	3	210	1087	4562	
0.648226	3	294	765	848	
0.644865	3	525	1071	1573	
0.642803	12	524	574	1397	1889	2550	2662	2732	3295	3323	3466	3605	4151	
0.639827	2	447	1512	
0.639309	2	2622	4977	
0.633965	8	548	622	2423	3966	3996	4418	4438	4827	
0.632405	2	501	3894	
0.631759	2	3183	3413	
0.630581	6	9	2495	2674	2954	3164	5007	
0.630212	2	1648	3118	
0.628423	3	3553	3790	4542	
0.626339	4	1337	1418	2209	4661	
0.623092	4	928	1920	2474	2878	
0.619796	4	329	958	1703	1771	
0.618865	24	43	513	529	1403	1422	1605	1790	1909	2076	2324	2439	2685	2868	2896	3237	3394	3662	3870	4214	4486	4489	4696	4736	4738	
0.618857	2	1171	4276	
0.618857	2	558	2930	
0.618207	2	25	2357	
0.616079	2	362	4245	
0.615343	2	1258	4875	
0.613219	4	134	951	2199	3053	
0.613084	2	837	1754	
0.613016	2	2864	4492	
0.613016	2	3789	4000	
0.61236	5	2041	2359	2502	3114	4873	
0.609909	3	1446	3878	4432	
0.608171	6	2267	2629	4283	4294	4333	4895	
0.607094	4	296	621	2423	5051	
0.603916	3	888	3303	3460	
0.602947	2	3964	4907	
0.602088	3	300	1733	2764	
0.599148	2	1575	1823	
0.598669	4	1170	2587	2803	4200	
0.597878	2	2976	4577	
0.597878	2	2577	3493	
0.597878	2	3763	4505	
0.597878	2	564	2118	
0.597183	14	200	455	593	1450	1545	2272	3479	3684	3806	3828	3960	4259	4652	5042	
0.597148	2	2478	4580	
0.594626	13	52	315	445	648	1272	1308	1416	1473	1509	2514	3456	3528	4378	
0.59452	2	4235	4711	
0.59452	2	1562	2865	
0.589421	2	274	4095	
0.588522	5	219	2551	4285	4675	4842	
0.588331	2	2364	4884	
0.588331	2	1073	4296	
0.587709	2	2488	4601	
0.586783	3	1137	4246	4354	
0.585899	6	1371	1934	3283	3333	3405	4552	
0.584804	2	1290	2251	
0.583661	6	584	1962	2765	2855	3410	4372	
0.579138	2	25	3815	
0.578687	2	1662	1961	
0.577056	2	2531	2859	
0.576156	2	817	4687	
0.573913	5	1169	1794	2139	3287	3352	
0.573389	2	796	3434	
0.569584	2	849	2111	
0.569085	5	676	1757	3579	3890	4775	
0.568826	2	3314	4965	
0.568826	2	1047	3895	
0.568826	2	2054	4996	
0.568826	2	4923	4996	
0.568176	4	1003	1461	2504	3290	
0.567589	2	1766	3310	
0.567589	2	2757	3935	
0.566124	2	411	3424	
0.564603	2	1766	2833	
0.56452	3	1936	2749	4831	
0.560526	4	787	1458	1518	2490	
0.560192	2	2170	3133	
0.560192	2	1837	4392	
0.560083	2	164	2044	
0.558203	2	1358	3009	
0.557151	7	584	1962	2765	2855	3160	3410	4372	
0.554823	3	1150	3060	3593	
0.553459	2	370	3329	
0.553451	2	283	4040	
0.552853	2	558	1519	
0.552508	7	64	1223	1602	1850	2062	2675	4944	
0.551377	4	2216	3226	3599	4264	
0.55039	2	1709	3811	
0.549895	2	2461	2748	
0.549581	4	1088	1396	2231	4927	
0.547826	2	429	3882	
0.547805	5	1869	4086	4377	4575	4734	
0.547754	2	2350	4318	
0.547381	2	254	2049	
0.547381	2	1935	2666	
0.547381	2	1669	4929	
0.547381	2	2475	2521	
0.545533	3	247	3377	3687	
0.545364	2	2743	3495	
0.545364	2	271	3838	
0.545354	5	1013	3649	4273	4460	4531	
0.54292	2	689	4558	
0.542904	2	629	1126	
0.542888	3	1059	1951	4966	
0.542714	2	2259	2828	
0.542643	2	1844	2461	
0.541685	2	535	4100	
0.540837	2	440	1727	
0.540164	11	32	158	868	1327	1653	3308	3326	4132	4332	4537	4645	
0.539902	5	638	1429	1437	2955	4712	
0.53931	2	1882	4842	
0.539191	3	1165	1685	2254	
0.538577	6	110	759	2167	2224	2406	3447	
0.537751	2	626	3943	
0.537706	2	183	3215	
0.53764	2	2378	3023	
0.537113	2	3138	3229	
0.536988	2	145	1146	
0.533259	4	461	2831	3317	4504	
0.532871	2	1701	2510	
0.531772	2	1513	2635	
0.531769	2	2589	4578	
0.531347	2	2787	3816	
0.531152	2	3720	5003	
0.530947	2	1222	3670	
0.530947	2	1419	2823	
0.530947	2	1331	4927	
0.530284	2	895	1428	
0.529643	2	1426	4817	
0.529643	2	299	1269	
0.529643	2	3781	5013	
0.529407	5	471	2151	2186	2683	4204	
0.529378	2	1184	3285	
0.527391	2	330	1037	
0.527159	2	4365	4708	
0.527159	2	35	4862	
0.527097	3	234	598	3916	
0.526431	4	1841	2898	3260	4416	
0.526152	3	1681	1984	4062	
0.52484	2	3498	5029	
0.5248	2	2169	2875	
0.523162	2	1378	4411	
0.523162	2	1068	1761	
0.523162	2	2696	3332	
0.522253	2	2297	3983	
0.522252	2	174	3160	
0.521538	2	3258	5023	
0.521403	2	173	3566	
0.520008	3	3380	3457	4169	
0.519889	2	1662	1694	
0.518765	3	1873	4028	4253	
0.518511	2	519	1454	
0.517999	2	1965	4362	
0.517999	2	1827	2310	
0.517999	2	4532	4820	
0.517999	2	345	619	
0.517771	3	449	3776	4966	
0.517407	2	1053	3332	
0.517407	2	464	2403	
0.517407	2	1837	2364	
0.517407	2	734	4603	
0.517199	2	743	4374	
0.516638	2	1687	3075	
0.516628	3	3417	4150	4674	
0.516215	5	998	1665	2301	2409	4064	
0.515278	14	156	945	1826	2208	2275	2507	2816	3224	3706	4116	4439	4590	4619	4768	
0.514062	3	2831	3232	3834	
0.513566	2	3423	3711	
0.512485	4	2139	2644	3884	4725	
0.512269	2	3116	3358	
0.511186	2	1709	1983	
0.511153	2	402	910	
0.509845	2	1789	4178	
0.509845	2	2713	3900	
0.509727	2	3080	4810	
0.509661	2	1922	2142	
0.509526	2	3088	4856	
0.509526	2	695	1698	
0.509525	2	1584	2790	
0.508833	4	1576	3075	4323	4862	
0.508618	6	1576	1687	3075	3596	4323	4862	
0.507838	2	840	3771	
0.507567	2	1860	2339	
0.507567	2	250	1769	
0.507567	2	14	1573	
0.507567	2	1589	3877	
0.50693	4	1618	2056	3653	4150	
0.506858	5	675	1690	2033	2097	4342	
0.506847	2	3094	3957	
0.506814	2	1338	3037	
0.506307	8	151	213	1944	2144	2771	2886	2926	4455	
0.505829	7	340	403	1490	1644	2654	3603	3840	
0.505751	2	1922	3950	
0.505713	2	2855	3160	
0.50563	7	609	959	1102	2646	3187	3743	4559	
0.505497	2	1722	2423	
0.505497	2	2244	2423	
0.505454	2	1731	4035	
0.504381	2	895	1517	
0.504381	2	4309	4949	
0.504381	2	1727	4107	
0.50434	3	752	1356	1381	
0.504195	2	1893	2588	
0.503883	4	2266	2827	3755	4762	
0.503771	2	111	707	
0.503696	6	1146	3161	3641	3939	4220	4236	
0.503486	2	2135	2617	
0.502955	2	1665	1818	
0.502683	12	784	1150	1802	2080	2107	2968	3156	3292	3467	3587	3639	4077	
0.502477	5	595	2454	2752	2763	4327	
0.502192	2	1205	3646	
0.50191	2	2461	4573	
0.501725	2	1956	2770	
0.501107	2	1736	3887	
0.500203	5	478	1796	3243	3366	5019	
0.499886	7	376	1830	3539	3675	3867	4546	4968	
0.499731	2	229	2111	
0.499002	2	582	1549	
0.499002	2	687	3498	
0.49868	2	3107	4035	
0.497509	4	2545	2717	3804	4217	
0.497053	2	506	1981	
0.497036	2	2479	3382	
0.496684	2	731	2545	
0.496574	2	3294	4044	
0.496567	2	2962	3656	
0.496305	2	3291	4728	
0.495762	2	938	1158	
0.494917	4	667	3062	3179	3747	
0.494655	2	2562	4778	
0.494277	2	1205	3149	
0.494035	2	2423	3392	
0.493368	2	3222	4915	
0.493291	2	1231	2995	
0.493175	2	2048	4603	
0.493142	2	1688	5014	
0.493126	2	1289	4081	
0.492839	8	312	359	1578	1919	2466	3559	4063	4335	
0.492828	2	4089	4558	
0.49213	2	411	1729	
0.491416	50	41	185	292	442	544	570	601	610	709	722	781	843	859	1002	1136	1469	1609	1718	1749	1764	1915	1938	2052	2164	2270	2489	2722	2791	2863	3122	3192	3383	3415	3455	3818	4058	4348	4359	4401	4473	4481	4515	4544	4598	4647	4672	4742	4805	4854	5050	
0.490996	2	786	1288	
0.490996	2	3802	4131	
0.490958	2	494	667	
0.490542	3	3771	3919	4861	
0.490369	2	1883	3744	
0.490308	2	699	2695	
0.490308	2	2406	4980	
0.490035	2	367	1884	
0.489599	2	1903	3024	
0.489558	2	1956	4558	
0.489362	2	3229	3886	
0.489278	2	872	1012	
0.488945	2	3552	3987	
0.488934	7	336	1499	1868	2377	2877	2940	3180	
0.487977	2	989	2635	
0.487911	2	3322	3449	
0.487838	2	314	3803	
0.487834	2	1872	2736	
0.487671	2	3136	3805	
0.487671	2	2944	4788	
0.487671	2	63	1771	
0.487671	2	1475	2695	
0.487671	2	3328	4168	
0.487298	2	2845	4309	
0.486979	2	1532	3974	
0.485811	2	2612	2944	
0.485724	2	1884	3125	
0.485521	2	1552	3919	
0.485239	2	2298	4687	
0.485239	2	535	3009	
0.48498	2	223	1931	
0.484881	2	2982	4455	
0.484881	2	889	5000	
0.484871	2	2264	3590	
0.484689	2	953	2671	
0.484213	2	3006	4234	
0.484205	4	710	1019	2028	4384	
0.484067	2	168	4530	
0.484067	2	1566	4457	
0.483687	2	1138	1922	
0.483552	2	1205	2165	
0.48322	2	1963	4986	
0.482989	2	3399	4603	
0.482989	2	579	4338	
0.482907	2	850	908	
0.482906	2	1166	1591	
0.482593	2	1922	2282	
0.48234	2	2915	3977	
0.482276	2	91	3860	
0.482219	2	286	594	
0.481552	2	1623	4772	
0.480635	2	4421	4850	
0.480635	2	385	533	
0.480634	2	3062	3747	
0.480457	26	204	357	489	490	557	813	1007	1082	1745	1782	2536	2554	2590	2719	2812	2906	3070	3176	3541	3710	3783	3788	4233	4361	4639	4871	
0.480172	2	1548	2471	
0.480017	2	3140	3389	
0.479671	6	196	327	2031	2783	2876	4993	
0.479566	2	201	861	
0.479185	2	667	835	
0.47822	2	864	1055	
0.478137	2	4405	4969	
0.477802	2	1096	3085	
0.477376	16	48	228	1157	1502	1627	1682	2851	3036	3103	3256	3472	3588	4087	4594	4630	4958	
0.47682	2	3594	4955	
0.476332	2	564	5003	
0.476332	2	1521	1944	
0.476156	2	1786	2048	
0.476156	2	3329	4718	
0.47613	6	806	1245	3189	3348	4181	5006	
0.476033	2	3903	5022	
0.47603	2	24	4433	
0.47573	2	1487	3039	
0.475315	4	248	4027	4698	5004	
0.47525	2	1414	2598	
0.47515	3	85	824	1800	
0.474021	2	629	1172	
0.474021	2	2883	4101	
0.473896	2	561	1263	
0.473373	2	2546	4956	
0.473225	2	2676	4242	
0.473224	2	713	2843	
0.47292	2	554	3744	
0.472798	5	1801	2036	2962	4187	4945	
0.472168	2	546	716	
0.471881	2	3785	4160	
0.471397	4	1720	1958	3143	4446	
0.471083	2	416	4863	
0.471055	2	3912	4376	
0.470518	2	1963	2637	
0.470241	2	1205	2398	
0.470224	2	568	3929	
0.470135	45	44	84	191	372	488	661	705	737	1114	1142	1248	1391	1485	1592	1643	1730	1836	1975	2252	2253	2369	2647	2698	2837	2882	2949	3061	3374	3488	3648	3708	3831	3947	4032	4114	4153	4189	4270	4313	4747	4758	4798	4807	4816	4887	
0.469649	2	1623	3892	
0.469271	2	629	4494	
0.469112	2	689	2377	
0.469044	2	950	3586	
0.468874	2	413	1661	
0.467634	2	575	4416	
0.46742	2	1968	3039	
0.467059	2	620	2810	
0.466596	11	290	494	560	667	835	1316	1392	1616	3062	3179	3747	
0.466578	8	517	573	2553	3288	3770	3791	3951	4152	
0.466441	2	1046	2461	
0.466425	2	2423	2998	
0.46599	2	558	2579	
0.4659	2	830	2797	
0.4659	2	3574	3588	
0.4659	2	53	328	
0.465597	2	895	2852	
0.465356	2	2695	3009	
0.464993	2	122	2958	
0.464755	2	577	1143	
0.464052	2	1205	3043	
0.463983	2	1551	1642	
0.463523	5	118	349	2121	2520	5012	
0.463516	2	3717	4932	
0.463389	2	2844	4497	
0.463119	11	7	331	1048	1218	1262	1460	2015	3787	3959	4049	4080	
0.462983	3	301	1135	3809	
0.462912	2	1464	2991	
0.462878	2	613	2187	
0.462829	9	266	824	2341	3586	4044	4141	4406	4669	4756	
0.46203	2	1908	3942	
0.461679	2	2110	4135	
0.461667	41	5	76	99	708	776	854	932	1353	1440	1442	1514	1774	1874	1904	1955	2078	2120	2158	2200	2460	2610	2778	2909	2978	3021	3099	3235	3487	3690	3921	3933	4073	4088	4198	4222	4442	4526	4636	4716	4860	4928	
0.460993	2	3039	4196	
0.460659	2	1991	3039	
0.460558	2	3858	4898	
0.459783	2	2617	3464	
0.459543	7	485	499	918	1028	1251	1448	3945	
0.459228	2	2065	2485	
0.459228	2	1572	3927	
0.459104	2	2758	4317	
0.458992	2	1779	1913	
0.45899	2	3254	4015	
0.458827	34	3	166	184	474	629	912	1126	1172	1183	1249	1406	1432	1678	1696	1699	1763	1954	2212	2429	2543	2624	2806	2966	3065	3077	3159	3216	3219	3347	3517	3526	3830	4287	4494	
0.458806	2	438	876	
0.458613	2	1400	4688	
0.458064	2	457	479	
0.457466	4	1907	2637	3322	3449	
0.457335	2	3724	3840	
0.457335	2	629	3219	
0.457191	2	2166	3012	
0.457109	2	2334	2617	
0.457107	2	1986	4324	
0.457085	2	1069	1454	
0.456392	3	1085	2259	4373	
0.456361	2	652	1295	
0.456347	2	3121	5031	
0.456184	20	407	408	823	884	1260	1447	1724	1858	1896	1974	2169	2503	2793	2952	3238	3839	3958	4746	4834	4879	
0.456078	2	290	667	
0.456044	7	889	1346	1472	1984	2318	3146	3375	
0.455946	2	316	4778	
0.454755	2	4406	4669	
0.454618	24	87	101	412	470	1457	1594	1610	1811	1855	1916	2250	2679	3018	3147	3275	3376	3874	3995	4047	4409	4428	4604	4933	4984	
0.454317	2	2983	3245	
0.454195	2	143	1631	
0.454075	2	1950	3349	
0.453963	2	2280	4029	
0.453818	2	1835	3168	
0.453631	2	1236	3519	
0.452728	2	1204	2414	
0.452372	6	1907	1963	2637	3322	3449	4727	
0.451625	2	2836	4326	
0.451421	2	3744	3892	
0.451024	3	1201	2862	3848	
0.450994	32	68	232	468	583	642	881	1042	1226	1230	1494	1722	2136	2169	2244	2423	2527	2641	2805	2875	2931	2998	3392	3395	3433	3769	4190	4195	4230	4644	4680	4724	4918	
0.45041	2	901	2461	
0.450366	2	1727	3737	
0.450189	2	7	1861	
0.450189	2	1400	4219	
0.450182	2	537	2341	
0.450167	2	2234	2617	
0.44956	2	537	4196	
0.449392	2	1265	2461	
0.44914	2	4284	4955	
0.449134	2	905	979	
0.449134	2	1522	1543	
0.448472	2	384	2398	
0.447957	2	3048	3364	
0.44771	2	575	3349	
0.447488	6	271	1950	2617	3012	3985	4657	
0.447248	11	1344	2210	2634	3126	3492	3607	3841	4018	4448	4634	4967	
0.447205	3	3355	4174	4686	
0.447103	2	3091	3275	
0.447025	2	428	1742	
0.446762	2	665	4683	
0.446651	2	393	3968	
0.446546	2	144	630	
0.446487	5	436	547	2593	3355	4611	
0.446486	2	530	918	
0.446112	3	886	3095	4632	
0.446045	2	1891	2215	
0.445896	2	3980	4731	
0.445493	2	2487	3476	
0.445186	2	783	1565	
0.444438	2	2941	3565	
0.444149	2	132	1893	
0.444144	2	573	1645	
0.444144	2	836	2642	
0.44414	2	1603	2617	
0.444087	3	166	629	2806	
0.44381	2	666	4196	
0.443659	2	49	460	
0.443647	2	2336	4487	
0.443613	2	2423	4190	
0.443613	2	2423	4918	
0.443572	2	1562	2409	
0.443151	2	2050	3220	
0.443099	16	421	450	842	1065	1174	1326	1697	1737	2397	2408	2636	2974	3313	3864	4188	4509	
0.44308	12	304	312	359	954	1578	1919	2466	3559	4063	4335	4525	4833	
0.442855	2	3506	4550	
0.442528	2	1145	1470	
0.442399	2	282	3276	
0.442328	2	3876	4094	
0.442113	2	49	3167	
0.44202	2	1686	1922	
0.441987	2	669	904	
0.441472	2	597	2780	
0.441271	2	375	1601	
0.44124	2	2596	4622	
0.44113	2	1100	1212	
0.441105	2	3018	4193	
0.440718	2	2625	3714	
0.440673	2	1423	1974	
0.440258	2	1362	4773	
0.440166	17	66	128	688	772	1332	1340	1625	1877	2573	2599	3617	4170	4281	4289	4488	4640	4913	
0.440008	2	457	3737	
0.439501	2	1205	2916	
0.438968	2	4323	4862	
0.43892	2	2572	4756	
0.438488	2	3195	3223	
0.438004	2	1846	2296	
0.437613	2	1307	1623	
0.437196	2	3901	4147	
0.43712	2	466	3408	
0.437111	2	4604	4876	
0.437016	2	49	4143	
0.437014	2	515	3702	
0.43676	2	1540	4136	
0.436757	2	893	1973	
0.436539	2	1792	1848	
0.436502	2	1484	2717	
0.436502	2	727	2886	
0.436501	2	582	2345	
0.436083	2	897	3268	
0.435995	2	2661	3450	
0.435937	2	4124	4925	
0.435452	2	1623	1883	
0.43514	2	2800	3328	
0.435042	2	2169	2423	
0.434859	2	4196	4260	
0.434804	2	1414	2442	
0.434796	5	381	2588	3389	4566	4727	
0.434773	3	1259	3406	3577	
0.434764	4	917	2761	3111	4038	
0.434752	2	4033	4370	
0.434489	2	289	4934	
0.434489	2	3596	4323	
0.434348	2	1273	3807	
0.434174	2	1948	2809	
0.434001	2	1351	1414	
0.433865	3	178	1738	2108	
0.433726	2	4564	4609	
0.433697	2	1117	2393	
0.433577	13	457	516	532	1283	1500	1882	2491	2904	3401	3428	3621	3737	4842	
0.432956	2	1031	2401	
0.43281	2	2122	2588	
0.432798	2	1388	2027	
0.432593	3	3200	3512	3814	
0.432567	2	629	3517	
0.432566	2	1234	3489	
0.432513	50	87	88	101	195	207	412	462	470	745	971	1020	1457	1594	1610	1776	1855	1912	1916	2075	2233	2250	2396	2679	2899	2960	3018	3032	3091	3147	3360	3376	3499	3567	3874	3995	4041	4047	4071	4115	4123	4237	4409	4428	4444	4604	4676	4818	4876	4933	4984	
0.43242	2	2617	3074	
0.432275	2	1472	1842	
0.432207	2	2605	2802	
0.43215	2	377	3627	
0.432029	2	2361	2617	
0.431798	2	498	2770	
0.431784	2	2261	2747	
0.431776	2	4760	4852	
0.431572	3	146	205	2206	
0.431558	2	2946	3341	
0.431361	12	267	313	1304	1870	2143	2149	2287	2980	3885	4057	4148	4813	
0.430902	2	825	3578	
0.430832	2	1154	2443	
0.430778	4	2279	2376	2480	4291	
0.430751	2	2316	2430	
0.430719	2	1564	1906	
0.430711	21	807	976	1016	1220	1238	1465	1714	2227	2299	2323	2405	3538	4154	4344	4429	4430	4519	4579	4586	4721	4755	
0.430695	2	2760	4162	
0.430675	2	3401	3737	
0.430675	2	3005	3012	
0.430211	2	1551	3391	
0.429599	2	861	3594	
0.429355	2	1060	2450	
0.429036	2	1206	1411	
0.428786	2	4744	4953	
0.428745	2	2039	2206	
0.428721	2	222	393	
0.428503	2	569	2880	
0.428498	2	1257	2617	
0.428287	2	3193	4347	
0.428237	2	3350	3359	
0.427862	2	4247	4763	
0.427808	2	1283	3737	
0.427652	2	1506	4989	
0.427352	2	1623	2465	
0.427333	2	393	2562	
0.427287	2	3449	4727	
0.427021	2	266	2747	
0.426839	2	1075	4863	
0.426727	11	596	714	930	1205	1548	1772	1986	2042	3646	3969	4370	
0.426721	2	3368	4091	
0.426721	2	3373	4811	
0.426469	2	2235	4227	
0.426445	2	1153	3925	
0.42615	2	1185	2040	
0.42597	2	4937	5044	
0.425894	2	470	1811	
0.42584	2	548	2423	
0.42584	2	622	2423	
0.42584	2	2423	3966	
0.42584	2	2423	4438	
0.42584	2	2423	4827	
0.425792	2	2708	4606	
0.425442	2	2617	4657	
0.425428	3	291	728	1045	
0.425391	2	3606	3608	
0.425243	2	1700	4196	
0.425082	3	1866	2115	3302	
0.425008	2	4663	4955	
0.424794	2	3389	4566	
0.42454	2	4669	4756	
0.424535	2	2692	4610	
0.424459	2	375	1259	
0.424458	2	2588	4566	
0.424248	2	1709	3666	
0.423885	2	4275	4279	
0.423679	2	2461	3042	
0.423656	2	667	3747	
0.423604	2	3128	4196	
0.423568	33	150	265	278	366	875	901	1046	1049	1051	1265	1279	1612	1632	1680	1709	1844	1983	2381	2461	2748	2945	3042	3412	3545	3645	3666	3811	3853	4508	4573	4882	4902	5021	
0.423347	2	1196	2288	
0.423342	2	4275	4723	
0.423309	2	1158	3430	
0.423146	2	246	1125	
0.423057	4	322	1676	2619	4209	
0.422712	2	1321	5031	
0.422584	2	2039	2559	
0.422439	2	1563	4129	
0.422356	2	2423	4418	
0.422255	2	3355	4635	
0.422073	2	1941	4394	
0.422036	2	1110	2617	
0.421772	2	1351	2430	
0.421762	2	1205	3775	
0.421712	2	311	4916	
0.42168	2	1684	4953	
0.421592	2	1871	2160	
0.421566	2	1561	3387	
0.421481	2	138	566	
0.421427	43	11	251	481	521	551	673	680	712	761	768	769	785	871	1039	1162	1491	1498	1533	1639	1744	1748	1791	1886	2082	2148	2185	2239	2291	2407	2574	2902	3505	3718	3956	3971	3989	4013	4046	4084	4092	4210	4607	4745	
0.421231	2	783	4208	
0.421173	2	3090	3699	
0.420985	3	277	422	2241	
0.420838	2	2169	2998	
0.420489	2	1882	3737	
0.420153	2	861	4719	
0.420101	2	2330	2592	
0.420075	2	2461	4882	
0.420012	2	2035	3261	
0.420002	2	2262	2498	
0.419616	2	2316	3858	
0.41959	2	1522	3752	
0.41959	2	55	2715	
0.419339	2	1865	2874	
0.419155	2	1716	3336	
0.419121	2	3779	3859	
0.419093	3	29	108	3185	
0.418695	2	711	3025	
0.418425	2	1205	4370	
0.418388	2	2246	3465	
0.418297	3	381	4566	4727	
0.418281	2	1316	3062	
0.418227	2	1885	1959	
0.418175	2	3012	3948	
0.417573	2	3340	4425	
0.417389	2	1991	2703	
0.41736	2	2873	4196	
0.417154	2	439	3694	
0.416945	2	2500	3279	
0.416856	2	1668	3102	
0.416856	2	298	2569	
0.416546	2	4115	4706	
0.416437	33	88	195	207	218	462	745	971	1020	1776	1912	2075	2233	2396	2563	2899	2960	3032	3033	3091	3196	3360	3499	3567	4041	4115	4123	4237	4405	4444	4676	4681	4818	4876	
0.416388	2	1835	3254	
0.41636	2	2181	4196	
0.416249	2	2094	2316	
0.416221	2	1881	2993	
0.416067	3	692	2157	4671	
0.416041	2	143	1200	
0.415977	2	2866	2871	
0.415955	3	4134	4606	4767	
0.415936	2	98	4720	
0.415836	2	1066	4196	
0.415561	2	2430	3717	
0.415413	2	3590	4228	
0.415352	2	3301	4196	
0.415301	2	2702	3076	
0.414971	2	1066	2753	
0.414919	2	745	1455	
0.414761	3	334	1683	4549	
0.414712	2	2626	2669	
0.414642	2	567	1034	
0.414641	2	1021	1970	
0.414211	2	2116	2941	
0.414207	2	861	1216	
0.41419	2	473	903	
0.414177	2	4196	4937	
0.413988	2	666	861	
0.413911	2	1623	3744	
0.413838	2	4074	4147	
0.413767	20	527	627	742	838	872	1922	2086	2142	2230	2282	2420	2566	2651	3225	3233	3624	3768	3897	3950	4213	
0.413714	2	2702	3194	
0.413656	2	2811	3773	
0.413633	2	1413	3583	
0.413561	2	862	911	
0.413335	2	1822	2123	
0.413323	2	4940	4955	
0.413256	2	2760	4279	
0.413208	2	1978	3017	
0.413163	2	865	4433	
0.413128	2	783	1580	
0.413113	2	112	2759	
0.413079	2	2341	2561	
0.413068	2	197	1901	
0.412994	2	1864	4550	
0.412887	2	4071	4681	
0.412568	8	636	1736	1880	2799	2971	4549	4704	5017	
0.412352	2	143	5009	
0.412309	2	2149	3597	
0.412036	2	1293	4723	
0.411958	2	74	2894	
0.411893	2	167	1910	
0.411734	2	876	4260	
0.411548	2	2616	2941	
0.411529	2	1140	2337	
0.411429	2	812	851	
0.411405	2	146	2206	
0.411368	2	861	1456	
0.411312	2	509	3740	
0.411303	2	2154	4707	
0.411272	2	4443	4611	
0.411172	2	2923	3726	
0.411047	2	857	4744	
0.410809	2	207	2345	
0.410725	2	729	3325	
0.41056	3	2134	4045	4464	
0.410514	2	4723	4774	
0.410352	2	2112	2617	
0.410344	2	925	4031	
0.409958	2	1400	3650	
0.40995	2	874	2341	
0.409842	2	1259	3005	
0.409842	2	82	1275	
0.409563	2	4773	4877	
0.409435	2	537	2351	
0.409327	2	1806	2552	
0.409192	2	1348	3740	
0.409173	2	2781	4751	
0.408889	2	1154	3217	
0.408886	31	262	271	326	452	559	856	1110	1257	1603	1950	2106	2112	2135	2234	2298	2334	2361	2425	2457	2617	3005	3012	3074	3125	3349	3453	3464	3948	3985	4657	5030	
0.408869	2	1029	3475	
0.408727	2	945	4633	
0.408522	2	22	4321	
0.408522	2	393	2331	
0.408411	2	2401	4066	
0.408124	4	1057	1092	2193	2513	
0.408118	2	4067	4673	
0.408023	2	861	2336	
0.407971	2	217	4557	
0.40785	2	49	1704	
0.407745	2	655	3744	
0.40768	2	2336	3481	
0.407571	2	4117	4319	
0.407566	2	393	773	
0.407548	2	3005	5030	
0.407535	2	2342	2807	
0.40751	2	3262	4723	
0.406994	2	2519	4955	
0.406959	2	3128	4955	
0.406943	2	3127	4196	
0.406858	2	861	5035	
0.406852	2	1021	1834	
0.40653	2	2273	3907	
0.406497	2	861	3812	
0.40639	22	65	596	714	930	1205	1289	1548	1772	1986	2042	2165	2398	2471	2916	3014	3043	3149	3646	3775	3969	4324	4370	
0.406389	2	1885	2971	
0.406327	2	278	2461	
0.405885	2	431	3252	
0.405879	2	465	3962	
0.405634	2	2569	2969	
0.405497	2	814	4138	
0.405493	35	59	75	97	263	393	404	553	721	773	1180	1243	1325	1598	2013	2079	2331	2448	2562	2564	2839	2872	2885	2993	3050	3759	3847	3877	3968	4031	4202	4363	4425	4623	4947	4994	
0.405224	2	1622	2069	
0.40518	2	1803	4847	
0.405029	2	3200	3512	
0.404997	12	74	257	623	795	832	1642	2175	2935	3546	3793	3976	4385	
0.404793	2	1732	2524	
0.404732	3	728	3028	3554	
0.404688	2	1478	1784	
0.404575	2	67	2486	
0.404244	2	2508	2660	
0.404154	2	665	1628	
0.404025	2	876	4021	
0.403881	2	841	2090	
0.403718	2	537	861	
0.403521	2	1622	1623	
0.403491	2	143	2779	
0.40349	2	2423	3769	
0.403459	2	861	3254	
0.403436	2	175	331	
0.403392	2	783	2438	
0.403235	2	2924	4292	
0.403194	2	1507	3372	
0.402945	2	509	2202	
0.402939	2	428	2809	
0.402794	2	1994	4554	
0.402768	2	2334	3005	
0.402705	2	874	4723	
0.40257	2	1616	3062	
0.402534	2	4196	4615	
0.402531	2	3131	3606	
0.402477	2	82	4168	
0.402395	2	2068	3409	
0.40231	2	559	1950	
0.402105	2	1556	2680	
0.402036	2	1296	2984	
0.401992	2	839	4723	
0.401989	2	3533	4570	
0.401987	2	861	4196	
0.401825	2	2341	3812	
0.401818	2	4196	4903	
0.401779	2	4202	4422	
0.401778	2	549	3354	
0.401765	2	3132	3242	
0.40173	2	1503	4196	
0.401693	2	1606	1618	
0.401613	2	2206	4423	
0.401295	5	682	2245	2991	3080	4810	
0.401258	2	2129	4166	
0.401164	2	4553	4701	
0.401157	2	2767	3858	
0.401072	2	1646	3362	
0.40106	2	3576	5049	
0.401022	2	2437	3922	
0.400975	2	3622	4960	
0.400924	2	2957	4955	
0.400813	2	3376	4874	
0.40077	2	1315	1688	
0.400627	2	49	3931	
0.40055	2	55	4678	
0.400434	2	861	2073	
0.400425	2	1774	1876	
0.400337	2	783	3038	
0.400254	3	198	4626	4811	
0.400235	3	265	1709	5021	
0.40021	2	2341	4723	
0.400064	2	652	3454	
0.400056	2	4704	5017	
0.400023	2	4770	5027	
0.399987	2	636	1314	
0.399656	2	532	3737	
0.399648	2	3555	4773	
0.399556	2	2398	2652	
0.39953	2	3462	4141	
0.399377	2	2099	2923	
0.399331	2	49	2901	
0.399257	2	861	4260	
0.399232	2	393	4994	
0.399232	2	2464	3339	
0.399223	2	1295	2367	
0.399203	2	3499	3881	
0.399084	2	2411	4196	
0.399042	3	1586	3606	3750	
0.399024	2	1106	4857	
0.398955	2	2557	3090	
0.398816	2	505	2912	
0.398688	2	1010	2119	
0.398645	2	861	4663	
0.398486	2	4516	4646	
0.398225	2	3349	3453	
0.398105	2	1898	2466	
0.397709	2	2135	3005	
0.397668	6	520	1414	2598	2611	4723	4832	
0.397612	2	197	393	
0.397469	2	711	3949	
0.397228	2	2862	4654	
0.397188	2	1740	3606	
0.397154	2	1835	4196	
0.397038	2	783	2411	
0.397012	2	995	2628	
0.396929	2	3499	3681	
0.396881	2	733	1154	
0.396782	2	2173	4550	
0.396721	2	4933	5047	
0.39671	2	2767	4423	
0.396659	2	2094	2404	
0.396546	2	3245	3421	
0.396531	2	1439	4496	
0.396508	8	56	948	1301	2338	2440	3677	4386	4571	
0.396218	2	2453	2487	
0.3962	2	1311	2219	
0.396171	2	1809	4821	
0.396068	2	537	2411	
0.395989	2	2824	3025	
0.395906	2	4605	4646	
0.39583	2	253	1091	
0.395609	2	861	2341	
0.395559	2	2599	4130	
0.395551	2	1187	4782	
0.395482	3	1091	1152	1324	
0.395436	2	2215	4693	
0.395389	2	2772	4322	
0.395308	2	1299	4458	
0.394804	2	902	1862	
0.394753	2	655	995	
0.394685	2	4507	4955	
0.394632	2	3279	4012	
0.39463	2	205	2206	
0.394627	2	2206	3610	
0.394469	2	1079	3698	
0.394438	2	1445	2914	
0.394408	2	554	1623	
0.394269	2	660	1497	
0.394241	2	2895	4450	
0.394125	2	1507	1833	
0.394075	2	259	537	
0.394019	2	3680	4228	
0.394013	2	2437	4196	
0.393989	2	1960	2538	
0.393756	2	1578	3089	
0.393702	2	266	3586	
0.393699	2	1479	3938	
0.393624	2	272	1199	
0.393208	2	1439	1946	
0.393194	2	528	4806	
0.393143	2	2873	4868	
0.393141	2	1864	3506	
0.393085	2	2423	3996	
0.39298	2	2051	4839	
0.392967	2	744	2986	
0.392898	2	493	861	
0.392891	2	1199	1941	
0.392882	2	1981	3891	
0.392818	2	2703	4196	
0.392756	2	853	4664	
0.392692	2	3504	4744	
0.392685	2	143	4516	
0.39267	2	1655	2704	
0.392617	2	4196	4648	
0.392597	2	3093	4646	
0.392442	2	3018	3196	
0.392434	2	2342	3248	
0.39242	2	1402	1923	
0.392382	2	2598	4832	
0.392287	2	1386	3922	
0.392244	2	4162	4669	
0.39206	2	824	1800	
0.392008	2	268	4830	
0.3919	2	1311	1336	
0.391854	2	2621	2822	
0.39185	2	3571	4037	
0.391715	2	2617	3125	
0.391635	2	2703	3365	
0.39148	2	1614	4588	
0.391463	2	2436	2438	
0.391348	2	560	667	
0.391284	2	1369	3698	
0.391267	2	2862	4757	
0.391185	2	736	2075	
0.391172	2	2313	3740	
0.39112	2	443	828	
0.391024	2	660	1541	
0.390905	2	38	2470	
0.39085	2	221	1941	
0.390827	2	704	4290	
0.390804	2	167	475	
0.390786	2	1784	3547	
0.390782	2	165	2056	
0.390773	2	783	1407	
0.390668	2	263	393	
0.390667	2	393	4947	
0.390598	2	1033	1368	
0.390571	2	1542	1864	
0.390559	2	2117	4002	
0.390532	2	2067	2598	
0.390488	2	3545	4508	
0.390478	2	3376	4209	
0.390467	2	2585	3740	
0.390398	2	2372	2703	
0.390334	2	906	2157	
0.390313	4	1551	2032	3536	4368	
0.390211	2	1930	2157	
0.390186	2	2067	5034	
0.390098	2	2470	4893	
0.389978	2	467	1060	
0.389949	2	500	4719	
0.38989	2	1359	3121	
0.389867	2	284	861	
0.389805	2	1001	2020	
0.389647	2	2163	4638	
0.389582	2	2724	3324	
0.389501	3	632	921	3186	
0.389452	2	423	493	
0.389304	2	911	4694	
0.389095	2	2611	4723	
0.389088	2	3163	3301	
0.389072	2	2760	3171	
0.389002	2	4196	4516	
0.388982	2	3914	4275	
0.388948	2	735	2895	
0.388931	2	2524	4257	
0.388863	2	783	4522	
0.388772	2	142	2891	
0.388768	2	2487	4723	
0.388623	2	810	2692	
0.388612	2	4593	4669	
0.388462	2	3039	4903	
0.388323	2	4257	4646	
0.388322	2	1379	2557	
0.388183	2	258	630	
0.388103	2	506	3201	
0.388069	2	3726	5018	
0.388001	2	3115	4869	
0.387922	2	803	3981	
0.387912	2	192	4754	
0.387509	2	2383	4406	
0.387481	2	794	818	
0.387428	2	2826	4518	
0.387341	2	2391	3025	
0.387213	2	3634	4702	
0.387207	2	3942	4319	
0.387132	2	3270	3600	
0.387116	2	777	1372	
0.387053	2	4508	4902	
0.387048	2	861	4846	
0.387021	2	495	4911	
0.386913	2	3869	4811	
0.386884	2	85	824	
0.386884	2	1950	3453	
0.38688	2	467	2789	
0.386869	2	3832	4444	
0.386844	2	1950	2457	
0.386828	2	2673	2967	
0.386827	2	109	639	
0.386825	2	1034	4477	
0.386824	2	1553	4399	
0.386823	2	2313	4897	
0.386745	2	332	3557	
0.386736	2	3134	4196	
0.386663	2	1941	3214	
0.386645	2	861	1351	
0.386499	2	1112	1206	
0.386328	2	1293	4456	
0.386324	2	1293	4196	
0.386268	2	3504	3821	
0.386233	2	374	822	
0.386128	2	1319	2824	
0.386085	2	2703	4491	
0.386082	2	2937	3109	
0.386064	2	2760	2987	
0.386022	2	2181	2891	
0.385988	2	766	4279	
0.385828	2	3044	3403	
0.38581	2	1696	1699	
0.38581	2	1699	2212	
0.385809	2	2014	2203	
0.385799	2	995	1655	
0.385546	2	2077	3680	
0.385496	2	4304	4334	
0.385382	2	1351	2341	
0.385362	2	766	2794	
0.385264	2	2541	3462	
0.385226	2	3688	3813	
0.385223	2	1384	4892	
0.385214	2	393	4031	
0.384944	2	1655	2430	
0.384941	2	2277	4275	
0.384813	2	2819	2960	
0.384809	2	128	3023	
0.384787	2	3784	4232	
0.384712	2	2088	4315	
0.384645	2	1414	4723	
0.384639	2	3879	4390	
0.384637	2	3879	4452	
0.384615	2	1336	4465	
0.384534	2	1580	4113	
0.384529	2	783	1435	
0.38446	2	3744	4472	
0.384459	2	780	857	
0.384433	2	195	3277	
0.384328	2	435	1811	
0.383974	2	4021	4955	
0.383972	2	1671	4149	
0.383903	2	1407	3780	
0.383896	2	4196	4465	
0.383791	2	861	2181	
0.383765	2	2767	4673	
0.383758	2	665	3774	
0.383668	2	493	4196	
0.383558	2	2767	2987	
0.383537	2	1765	3792	
0.383531	2	1154	2611	
0.383481	2	2173	3208	
0.383193	2	861	3879	
0.383169	2	4648	5016	
0.383117	2	2161	4869	
0.382988	2	195	973	
0.382928	2	745	4158	
0.382792	2	2425	2617	
0.382763	3	126	2977	4628	
0.382709	2	378	614	
0.382705	2	880	1847	
0.382542	2	83	4982	
0.382477	2	4449	4451	
0.382473	2	1154	2704	
0.382464	2	1773	3764	
0.382406	2	516	3747	
0.382359	2	493	2443	
0.382185	2	3699	3717	
0.382022	2	1941	4772	
0.381971	2	3520	4799	
0.381917	2	3372	5027	
0.381843	2	1885	3598	
0.38184	2	3025	3667	
0.381811	2	2453	4987	
0.381666	2	4379	4409	
0.381643	2	3179	3747	
0.381643	2	1561	2631	
0.381642	2	4508	5021	
0.381626	2	3059	4955	
0.381598	2	2123	3025	
0.381598	2	1488	2285	
0.381593	2	4360	4942	
0.381578	2	913	1865	
0.381571	2	861	3128	
0.381543	2	393	4202	
0.381508	2	3200	3814	
0.38148	2	1835	3812	
0.381404	2	3016	4735	
0.381266	2	1230	2423	
0.3811	2	446	739	
0.381014	2	3409	4955	
0.380997	2	861	5016	
0.380993	2	2206	3667	
0.380987	2	2423	2805	
0.380941	2	2537	4723	
0.380877	2	2862	3902	
0.38086	2	1528	3762	
0.3808	2	1586	3606	
0.380799	2	644	2247	
0.380779	2	1154	4992	
0.380775	2	839	1941	
0.380734	2	4339	4839	
0.380719	2	3559	4335	
0.380693	2	1435	4723	
0.380633	2	1387	4130	
0.380631	2	1515	1708	
0.380574	2	244	2779	
0.380513	2	430	861	
0.380463	2	2341	3594	
0.380327	2	1933	3448	
0.380218	2	651	4570	
0.380175	6	643	1004	1725	3490	3659	4809	
0.380153	2	1194	1879	
0.380152	2	1994	4261	
0.379931	2	1196	4196	
0.379814	2	328	1457	
0.379743	2	1081	3571	
0.379736	2	438	505	
0.37968	2	3751	4045	
0.379673	2	4026	4802	
0.379652	2	1005	4723	
0.379652	2	861	1496	
0.379552	2	4055	4196	
0.379354	2	467	3039	
0.379337	2	583	2423	
0.379337	2	2423	2931	
0.379337	2	2423	4680	
0.37918	2	1299	4551	
0.379153	2	2585	3778	
0.3791	2	3286	4045	
0.379087	2	2508	2801	
0.378978	2	1655	2987	
0.378933	2	1198	1746	
0.378852	2	2785	4176	
0.378847	2	2039	3127	
0.37878	2	726	2751	
0.378779	2	3038	3127	
0.37871	9	334	636	1683	1736	1880	2799	2971	4549	5017	
0.378536	3	73	3115	4105	
0.378524	2	2725	3533	
0.378456	2	2512	2585	
0.378356	2	3025	3381	
0.378354	2	505	861	
0.378296	2	966	1008	
0.378293	2	3594	4196	
0.378195	2	4215	4837	
0.378174	2	1914	4367	
0.378167	2	1583	2643	
0.378165	2	1329	4400	
0.378086	2	1154	2465	
0.378071	2	184	629	
0.378048	2	1454	1493	
0.378027	2	1705	4196	
0.378025	2	3530	4196	
0.377966	2	2779	3296	
0.377897	2	1553	2008	
0.377874	2	1236	2910	
0.377836	2	281	3502	
0.37775	2	3717	4972	
0.377747	2	2541	3717	
0.37761	2	1905	4679	
0.377575	2	2508	4099	
0.377386	2	1941	3171	
0.377361	2	748	4005	
0.377311	2	227	861	
0.377279	2	1186	1190	
0.37726	2	2137	3660	
0.377224	2	3193	3240	
0.377137	2	1400	4993	
0.377133	2	2285	4735	
0.377098	2	2051	4317	
0.377053	2	2073	4955	
0.377046	2	2302	3549	
0.377046	2	2261	3533	
0.377046	2	2725	2779	
0.377026	2	1154	4339	
0.377002	2	3409	3858	
0.376983	2	1154	1407	
0.376968	2	3345	4339	
0.376905	2	2423	4230	
0.376856	2	470	2563	
0.376853	2	2091	2203	
0.37685	2	477	2841	
0.376771	2	4260	4955	
0.376683	2	2910	4143	
0.376655	2	252	1439	
0.376624	2	4472	4719	
0.376606	2	2443	3871	
0.376604	2	2073	3039	
0.376554	2	518	1846	
0.376469	2	1604	3686	
0.376467	2	667	1392	
0.376467	2	1855	3721	
0.376434	2	2262	4067	
0.376407	2	4122	4593	
0.376272	2	3812	4284	
0.376263	2	883	3589	
0.376253	2	903	4221	
0.376156	2	1699	2806	
0.376073	2	3879	5035	
0.376001	2	2351	3098	
0.375994	2	2496	3767	
0.375984	2	505	956	
0.375751	2	3726	4005	
0.375746	2	520	1414	
0.375738	2	1941	3730	
0.375729	2	3135	3362	
0.375723	3	80	2767	2990	
0.375714	2	2500	3937	
0.375696	2	2446	4954	
0.37562	2	4593	5054	
0.37561	2	745	3997	
0.375575	2	3171	4050	
0.375528	2	1445	3208	
0.375475	2	3859	4380	
0.375385	2	3879	4196	
0.375252	2	2423	4644	
0.375179	2	2358	3889	
0.375173	2	1113	1281	
0.375143	2	468	2423	
0.375077	2	1414	1421	
0.374914	2	1806	4311	
0.374905	2	3879	4256	
0.37486	2	2313	3438	
0.374743	2	399	4159	
0.374719	2	3879	4083	
0.37469	2	1056	2686	
0.374637	2	794	1185	
0.374614	2	2327	2366	
0.374581	2	1623	4507	
0.374496	2	3688	3863	
0.374475	2	3465	3876	
0.374474	2	2185	3118	
0.374434	2	861	4955	
0.37433	2	1439	4868	
0.374292	2	2140	4735	
0.374213	2	1198	3612	
0.374213	2	3117	4336	
0.37414	2	876	1185	
0.374096	2	4196	4955	
0.374035	2	80	783	
0.37402	2	3151	4472	
0.374008	2	1091	1740	
0.373968	2	1993	2986	
0.373942	2	539	3414	
0.373926	2	259	1941	
0.373912	2	818	2760	
0.373771	2	2017	4864	
0.373768	2	4144	4765	
0.373755	2	1306	4322	
0.373651	2	2283	2891	
0.373629	2	812	1580	
0.373627	2	1208	1655	
0.373613	2	881	2423	
0.373538	2	3018	3507	
0.373531	2	2988	4019	
0.37338	2	2967	4976	
0.373379	2	3477	3825	
0.37335	2	2690	4522	
0.373294	3	73	3533	4897	
0.373271	2	876	4732	
0.373253	2	1091	1540	
0.373213	2	2704	2957	
0.373187	2	1199	4723	
0.373166	2	4937	5009	
0.373108	2	537	909	
0.373075	5	1376	2784	3209	3592	4250	
0.373022	2	334	636	
0.372999	2	3850	4196	
0.372912	2	2700	3688	
0.372765	2	633	1188	
0.372706	13	280	937	1198	1621	1688	2108	2415	3445	3468	3612	3942	4319	5014	
0.372628	2	686	4839	
0.372576	2	1993	3059	
0.372574	2	3127	4955	
0.37248	2	2037	2222	
0.372445	2	1646	4322	
0.372406	2	2389	3731	
0.372401	2	2157	4744	
0.372351	2	227	1565	
0.372264	2	196	1115	
0.372222	2	3533	4105	
0.372221	2	3938	4669	
0.372167	2	3481	4021	
0.371997	2	129	876	
0.371988	2	104	1726	
0.371911	2	1542	5025	
0.37191	2	493	4955	
0.37188	2	4196	4472	
0.371843	2	1905	3695	
0.371839	2	4207	4322	
0.371826	2	1852	2785	
0.371793	2	505	2500	
0.371708	2	1631	4800	
0.371643	2	1673	4806	
0.371511	2	493	1328	
0.371455	2	612	1564	
0.371436	2	166	1699	
0.371436	2	1699	1763	
0.371428	2	1056	1154	
0.371424	2	1824	4196	
0.371395	2	1852	2053	
0.371391	2	3497	4800	
0.371388	2	2991	4328	
0.371376	2	120	272	
0.371371	2	726	1503	
0.371303	2	3301	4275	
0.37129	2	1152	2759	
0.371245	2	4648	4802	
0.371196	2	4005	5018	
0.371124	2	4126	4322	
0.371113	2	636	4911	
0.371034	2	2798	4068	
0.370893	10	682	702	1025	1179	1464	1784	2245	2991	3080	4810	
0.370639	2	3239	3740	
0.370622	2	505	2929	
0.37053	2	2767	5044	
0.370518	2	861	1493	
0.370502	2	4196	5044	
0.37043	2	2388	4021	
0.370424	2	839	4275	
0.370378	2	3858	4838	
0.370367	2	3668	4451	
0.370345	2	2585	3970	
0.370338	2	2659	4998	
0.370296	2	550	4663	
0.370292	2	3090	3872	
0.370291	2	3497	3533	
0.370182	2	783	3127	
0.370159	2	4400	4897	
0.370155	2	3740	4804	
0.37002	2	1066	4402	
0.369954	2	1479	4806	
0.369935	2	2782	2879	
0.369921	2	2109	3561	
0.369887	5	73	2313	2987	3740	4208	
0.369772	2	651	2854	
0.369752	2	1891	2779	
0.369752	2	2779	3071	
0.369743	2	2795	4569	
0.369668	2	1411	1623	
0.369647	2	505	4196	
0.369643	2	950	1580	
0.369601	2	3319	3990	
0.369541	2	2873	3557	
0.369521	2	2680	4456	
0.36952	2	4009	5027	
0.369494	2	3995	4076	
0.369489	2	4814	5009	
0.369481	2	1813	3343	
0.369477	2	1336	1393	
0.369469	2	505	812	
0.369455	2	3622	4776	
0.369429	2	2171	4901	
0.369391	2	814	4275	
0.369324	2	1066	4118	
0.369324	2	1224	3025	
0.369288	2	425	3095	
0.369219	2	2206	4272	
0.369212	2	505	2341	
0.369194	2	903	2155	
0.369163	2	1699	3077	
0.369107	2	3331	3618	
0.369099	2	1439	2194	
0.369065	2	2203	4182	
0.369056	2	1439	4835	
0.369012	2	1715	2177	
0.368958	2	2957	2987	
0.36891	2	2891	3173	
0.36891	2	1324	2643	
0.368858	2	2218	2776	
0.368841	2	1864	2759	
0.368722	2	3363	3851	
0.368717	2	2541	4322	
0.368709	2	3025	3409	
0.368688	2	1414	4846	
0.368624	2	354	3613	
0.368554	2	2341	4719	
0.368549	2	876	2873	
0.368523	2	1092	4787	
0.368467	6	93	423	4196	4646	4719	4806	
0.368463	7	39	828	894	1261	1902	2279	2292	
0.368445	2	1266	2796	
0.368375	2	3239	3409	
0.368277	2	2046	3354	
0.368219	2	1414	5009	
0.368201	2	4036	4615	
0.368112	2	3363	4196	
0.368082	2	10	3277	
0.368063	2	2779	3533	
0.36805	2	79	1623	
0.368039	2	586	2430	
0.368034	2	1879	2880	
0.368014	2	3589	4102	
0.367979	2	13	3059	
0.367947	2	2598	2760	
0.367945	2	1200	5009	
0.367907	2	1196	4955	
0.367864	2	102	3774	
0.367859	2	1631	2747	
0.367828	2	1941	3098	
0.367821	2	1393	3299	
0.367708	2	1105	1565	
0.367681	2	3859	4244	
0.367563	2	2919	3163	
0.36753	2	3846	4278	
0.367454	2	1968	2703	
0.367453	49	115	176	203	242	549	617	720	914	1030	1309	1310	1345	1368	1677	1747	1777	1808	1867	1977	2005	2034	2197	2363	2558	2667	2728	2773	2881	3046	3079	3108	3129	3153	3273	3558	3635	3734	3926	4006	4072	4075	4205	4393	4595	4653	4664	4981	4998	5049	
0.36745	2	2680	3963	
0.367379	2	3744	4772	
0.367303	2	876	4617	
0.367279	2	3879	4901	
0.367269	2	351	2885	
0.367245	2	2760	3511	
0.367219	2	1439	2312	
0.367174	2	484	3236	
0.367167	2	121	3008	
0.367131	2	660	3589	
0.367057	2	851	1329	
0.367048	2	3157	5027	
0.367033	2	1864	2943	
0.367032	2	272	341	
0.367031	2	3972	4082	
0.367026	2	839	3563	
0.367012	2	644	1835	
0.367009	2	841	2492	
0.367006	2	3937	4869	
0.366906	2	2535	3686	
0.366875	2	1410	3480	
0.366817	2	1351	1941	
0.366816	2	1196	4669	
0.366747	9	280	937	1198	1688	2415	3445	3468	3942	4319	
0.366733	2	1647	4869	
0.366729	2	2109	3331	
0.366702	2	1914	4602	
0.366673	2	2626	4196	
0.366611	2	2557	4955	
0.366584	2	1833	3145	
0.366543	2	1414	4615	
0.366491	2	1563	1906	
0.366464	2	3936	5028	
0.366434	2	2336	3735	
0.366417	2	2202	2219	
0.366383	2	654	4136	
0.366375	2	3115	3173	
0.366374	2	3688	4343	
0.366374	2	641	1154	
0.366248	2	2181	2584	
0.366243	2	2411	3127	
0.366219	2	1741	2341	
0.366176	2	1186	4176	
0.366148	2	660	4136	
0.36611	2	1785	3076	
0.366042	2	505	3128	
0.36602	2	2987	4339	
0.36602	2	1302	4646	
0.366002	2	1531	3858	
0.365999	2	4352	4550	
0.365967	2	898	4161	
0.365955	2	1445	2173	
0.365805	2	2760	3052	
0.365763	2	1336	2598	
0.365762	2	1531	2760	
0.365756	2	3668	4808	
0.365665	4	713	1194	1765	4720	
0.365654	2	2073	3532	
0.365644	2	3508	4005	
0.365639	2	2704	4288	
0.36553	2	2157	2191	
0.365479	2	2856	3618	
0.365471	2	2436	4839	
0.36545	2	876	3481	
0.365358	2	2704	4972	
0.365273	2	4128	4955	
0.365234	2	1565	1804	
0.365161	2	1351	3390	
0.365155	2	861	4814	
0.365131	2	1454	4037	
0.365055	2	433	4581	
0.365049	2	3337	3610	
0.365047	2	3810	4646	
0.365046	2	1079	2191	
0.365033	2	338	3508	
0.365023	2	339	4275	
0.364957	2	1924	4394	
0.364955	2	1739	4679	
0.364893	2	777	4743	
0.364886	2	2202	4340	
0.364886	2	1414	4260	
0.364885	2	666	995	
0.364852	2	3193	4275	
0.364823	2	686	4802	
