0.725734	5	383	1144	1853	3182	3946	
0.714196	5	2240	2348	2374	2741	4413	
0.706825	3	472	2664	3316	
0.698978	7	417	1024	1918	2849	2897	3514	4761	
0.666121	2	809	2706	
0.665518	7	1133	1947	1966	2131	2832	3500	3777	
0.652452	3	1615	3836	4859	
0.652452	3	210	1087	4562	
0.648226	3	294	765	848	
0.644865	3	525	1071	1573	
0.642803	12	524	574	1397	1889	2550	2662	2732	3295	3323	3466	3605	4151	
0.639827	2	447	1512	
0.639309	2	2622	4977	
0.633965	8	548	622	2423	3966	3996	4418	4438	4827	
0.632405	2	501	3894	
0.631759	2	3183	3413	
0.630581	6	9	2495	2674	2954	3164	5007	
0.630212	2	1648	3118	
0.628423	3	3553	3790	4542	
0.626339	4	1337	1418	2209	4661	
0.623092	4	928	1920	2474	2878	
0.619796	4	329	958	1703	1771	
0.618865	24	43	513	529	1403	1422	1605	1790	1909	2076	2324	2439	2685	2868	2896	3237	3394	3662	3870	4214	4486	4489	4696	4736	4738	
0.618857	2	1171	4276	
0.618857	2	558	2930	
0.618207	2	25	2357	
0.616079	2	362	4245	
0.615343	2	1258	4875	
0.613219	4	134	951	2199	3053	
0.613084	2	837	1754	
0.613016	2	2864	4492	
0.613016	2	3789	4000	
0.61236	5	2041	2359	2502	3114	4873	
0.609909	3	1446	3878	4432	
0.608171	6	2267	2629	4283	4294	4333	4895	
0.607094	4	296	621	2423	5051	
0.603916	3	888	3303	3460	
0.602947	2	3964	4907	
0.602088	3	300	1733	2764	
0.599712	5	2078	3235	3487	4198	4636	
0.599148	2	1575	1823	
0.598669	4	1170	2587	2803	4200	
0.597878	2	2976	4577	
0.597878	2	2577	3493	
0.597878	2	3763	4505	
0.597878	2	564	2118	
0.597183	14	200	455	593	1450	1545	2272	3479	3684	3806	3828	3960	4259	4652	5042	
0.597148	2	2478	4580	
0.594626	13	52	315	445	648	1272	1308	1416	1473	1509	2514	3456	3528	4378	
0.59452	2	4235	4711	
0.59452	2	1562	2865	
0.592057	2	2323	3538	
0.589421	2	274	4095	
0.588522	5	219	2551	4285	4675	4842	
0.588331	2	2364	4884	
0.588331	2	1073	4296	
0.587709	2	2488	4601	
0.586783	3	1137	4246	4354	
0.585899	6	1371	1934	3283	3333	3405	4552	
0.584804	2	1290	2251	
0.583661	6	584	1962	2765	2855	3410	4372	
0.582788	2	357	1007	
0.582788	2	813	3710	
0.579138	2	25	3815	
0.578687	2	1662	1961	
0.577056	2	2531	2859	
0.576156	2	817	4687	
0.573913	5	1169	1794	2139	3287	3352	
0.573389	2	796	3434	
0.569584	2	849	2111	
0.569085	5	676	1757	3579	3890	4775	
0.568826	2	3314	4965	
0.568826	2	1047	3895	
0.568826	2	2054	4996	
0.568826	2	4923	4996	
0.568176	4	1003	1461	2504	3290	
0.567589	2	1766	3310	
0.567589	2	2757	3935	
0.566124	2	411	3424	
0.564603	2	1766	2833	
0.56452	3	1936	2749	4831	
0.560526	4	787	1458	1518	2490	
0.560192	2	2170	3133	
0.560192	2	1837	4392	
0.560083	2	164	2044	
0.558203	2	1358	3009	
0.557151	7	584	1962	2765	2855	3160	3410	4372	
0.554823	3	1150	3060	3593	
0.553459	2	370	3329	
0.553451	2	283	4040	
0.552853	2	558	1519	
0.552508	7	64	1223	1602	1850	2062	2675	4944	
0.551526	2	2142	3950	
0.551377	4	2216	3226	3599	4264	
0.55039	2	1709	3811	
0.549895	2	2461	2748	
0.549581	4	1088	1396	2231	4927	
0.547826	2	429	3882	
0.547805	5	1869	4086	4377	4575	4734	
0.547754	2	2350	4318	
0.547381	2	254	2049	
0.547381	2	1935	2666	
0.547381	2	1669	4929	
0.547381	2	2475	2521	
0.545533	3	247	3377	3687	
0.545364	2	2743	3495	
0.545364	2	271	3838	
0.545363	2	1598	2993	
0.545354	5	1013	3649	4273	4460	4531	
0.54292	2	689	4558	
0.542904	2	629	1126	
0.542888	3	1059	1951	4966	
0.542714	2	2259	2828	
0.542643	2	1844	2461	
0.541685	2	535	4100	
0.540837	2	440	1727	
0.540605	2	4550	5025	
0.540164	11	32	158	868	1327	1653	3308	3326	4132	4332	4537	4645	
0.539902	5	638	1429	1437	2955	4712	
0.53931	2	1882	4842	
0.539191	3	1165	1685	2254	
0.538577	6	110	759	2167	2224	2406	3447	
0.537751	2	626	3943	
0.537706	2	183	3215	
0.53764	2	2378	3023	
0.537113	2	3138	3229	
0.536988	2	145	1146	
0.533259	4	461	2831	3317	4504	
0.532871	2	1701	2510	
0.531772	2	1513	2635	
0.531769	2	2589	4578	
0.531347	2	2787	3816	
0.531152	2	3720	5003	
0.530947	2	1222	3670	
0.530947	2	1419	2823	
0.530947	2	1331	4927	
0.530284	2	895	1428	
0.529643	2	1426	4817	
0.529643	2	299	1269	
0.529643	2	3781	5013	
0.529407	5	471	2151	2186	2683	4204	
0.529378	2	1184	3285	
0.528555	2	1304	4148	
0.527391	2	330	1037	
0.527159	2	4365	4708	
0.527159	2	35	4862	
0.527097	3	234	598	3916	
0.526431	4	1841	2898	3260	4416	
0.52619	2	1676	2619	
0.526152	3	1681	1984	4062	
0.52557	2	948	2338	
0.525502	6	74	623	832	2175	2935	3546	
0.52484	2	3498	5029	
0.5248	2	2169	2875	
0.523162	2	1378	4411	
0.523162	2	1068	1761	
0.523162	2	2696	3332	
0.522253	2	2297	3983	
0.522252	2	174	3160	
0.521538	2	3258	5023	
0.521403	2	173	3566	
0.520008	3	3380	3457	4169	
0.519889	2	1662	1694	
0.518765	3	1873	4028	4253	
0.518511	2	519	1454	
0.517999	2	1965	4362	
0.517999	2	1827	2310	
0.517999	2	4532	4820	
0.517999	2	345	619	
0.517771	3	449	3776	4966	
0.517407	2	1053	3332	
0.517407	2	464	2403	
0.517407	2	1837	2364	
0.517407	2	734	4603	
0.517199	2	743	4374	
0.516638	2	1687	3075	
0.516628	3	3417	4150	4674	
0.516278	3	710	1019	4384	
0.516215	5	998	1665	2301	2409	4064	
0.515278	14	156	945	1826	2208	2275	2507	2816	3224	3706	4116	4439	4590	4619	4768	
0.514062	3	2831	3232	3834	
0.513609	3	271	2617	3012	
0.513566	2	3423	3711	
0.512485	4	2139	2644	3884	4725	
0.512269	2	3116	3358	
0.511943	3	203	617	4072	
0.511186	2	1709	1983	
0.511153	2	402	910	
0.509845	2	1789	4178	
0.509845	2	2713	3900	
0.509727	2	3080	4810	
0.509661	2	1922	2142	
0.509526	2	3088	4856	
0.509526	2	695	1698	
0.509525	2	1584	2790	
0.508833	4	1576	3075	4323	4862	
0.508618	6	1576	1687	3075	3596	4323	4862	
0.507838	2	840	3771	
0.507567	2	1860	2339	
0.507567	2	250	1769	
0.507567	2	14	1573	
0.507567	2	1589	3877	
0.507563	5	2034	2667	3129	3153	4393	
0.507519	4	118	349	2121	2520	
0.50693	4	1618	2056	3653	4150	
0.506858	5	675	1690	2033	2097	4342	
0.506847	2	3094	3957	
0.506814	2	1338	3037	
0.506307	8	151	213	1944	2144	2771	2886	2926	4455	
0.506183	2	2112	2334	
0.50617	2	2491	4842	
0.505829	7	340	403	1490	1644	2654	3603	3840	
0.505751	2	1922	3950	
0.505713	2	2855	3160	
0.50563	7	609	959	1102	2646	3187	3743	4559	
0.505497	2	1722	2423	
0.505497	2	2244	2423	
0.505454	2	1731	4035	
0.50535	3	889	1984	3375	
0.504381	2	895	1517	
0.504381	2	4309	4949	
0.504381	2	1727	4107	
0.50434	3	752	1356	1381	
0.504195	2	1893	2588	
0.504127	2	85	1800	
0.503883	4	2266	2827	3755	4762	
0.503789	2	301	3809	
0.503771	2	111	707	
0.503696	6	1146	3161	3641	3939	4220	4236	
0.503486	2	2135	2617	
0.502955	2	1665	1818	
0.502683	12	784	1150	1802	2080	2107	2968	3156	3292	3467	3587	3639	4077	
0.502477	5	595	2454	2752	2763	4327	
0.502192	2	1205	3646	
0.50191	2	2461	4573	
0.501725	2	1956	2770	
0.501107	2	1736	3887	
0.500767	2	1882	3428	
0.500203	5	478	1796	3243	3366	5019	
0.499937	4	806	3189	3348	5006	
0.499886	7	376	1830	3539	3675	3867	4546	4968	
0.499738	6	336	1499	1868	2377	2877	3180	
0.499731	2	229	2111	
0.499671	22	204	489	490	557	1082	1745	1782	2536	2554	2590	2719	2812	2906	3070	3176	3541	3783	3788	4233	4361	4639	4871	
0.499425	14	48	228	1502	1627	1682	2851	3036	3103	3472	3588	4087	4594	4630	4958	
0.499002	2	582	1549	
0.499002	2	687	3498	
0.498988	5	327	2031	2783	2876	4993	
0.498894	7	742	838	872	2566	2651	3225	3233	
0.498779	6	517	2553	3770	3791	3951	4152	
0.49868	2	3107	4035	
0.498647	30	5	99	708	776	854	932	1353	1440	1442	1514	1774	1874	1904	1955	2120	2158	2200	2460	2610	2909	3021	3099	3690	3921	3933	4222	4442	4526	4716	4928	
0.498052	8	976	1016	1238	2299	4344	4429	4519	4579	
0.498035	3	499	918	3945	
0.497509	4	2545	2717	3804	4217	
0.497348	5	1205	1772	2165	3149	3646	
0.49716	9	128	688	772	1332	2573	4289	4488	4640	4913	
0.497053	2	506	1981	
0.497036	2	2479	3382	
0.496816	5	457	532	1500	2904	3621	
0.496684	2	731	2545	
0.496574	2	3294	4044	
0.496567	2	2962	3656	
0.496305	2	3291	4728	
0.496014	12	450	842	1065	1174	1326	1697	1737	2397	2974	3313	3864	4509	
0.495762	2	938	1158	
0.495158	4	1801	2962	4187	4945	
0.494917	4	667	3062	3179	3747	
0.494655	2	2562	4778	
0.49464	6	2210	2634	3126	4018	4448	4967	
0.49448	15	470	1457	1610	2250	3018	3147	3275	3376	3874	4047	4409	4428	4604	4933	4984	
0.494277	2	1205	3149	
0.494035	2	2423	3392	
0.49395	9	7	331	1048	1262	2015	3787	3959	4049	4080	
0.493679	20	11	673	680	712	785	1039	1162	1533	1748	1791	2082	2239	2407	2574	3718	3971	3989	4046	4607	4745	
0.493368	2	3222	4915	
0.493291	2	1231	2995	
0.493187	14	407	408	823	884	1260	1447	1724	1858	2503	2952	3238	3839	3958	4834	
0.493175	2	2048	4603	
0.493142	2	1688	5014	
0.493126	2	1289	4081	
0.492839	8	312	359	1578	1919	2466	3559	4063	4335	
0.492828	2	4089	4558	
0.492754	7	290	494	667	835	1316	1616	3062	
0.492408	2	1004	1725	
0.492198	6	88	195	3091	3499	3567	4676	
0.49213	2	411	1729	
0.4917	20	88	195	470	1457	1610	2250	3018	3091	3376	3499	3567	3874	4047	4409	4428	4444	4604	4676	4933	4984	
0.491416	50	41	185	292	442	544	570	601	610	709	722	781	843	859	1002	1136	1469	1609	1718	1749	1764	1915	1938	2052	2164	2270	2489	2722	2791	2863	3122	3192	3383	3415	3455	3818	4058	4348	4359	4401	4473	4481	4515	4544	4598	4647	4672	4742	4805	4854	5050	
0.491325	34	191	488	661	737	1114	1142	1248	1391	1485	1592	1730	1836	1975	2252	2253	2369	2647	2698	2837	2882	2949	3061	3374	3488	3648	3708	3831	3947	4114	4153	4270	4313	4758	4887	
0.490996	2	786	1288	
0.490996	2	3802	4131	
0.490958	2	494	667	
0.490931	27	3	184	474	629	912	1126	1172	1183	1249	1406	1432	1678	1696	1954	2212	2429	2543	2806	2966	3065	3159	3216	3347	3526	3830	4287	4494	
0.490833	26	68	232	583	642	881	1042	1230	1494	1722	2136	2244	2423	2641	2805	2931	2998	3392	3395	3433	3769	4190	4230	4644	4680	4724	4918	
0.490811	2	467	5008	
0.490621	3	248	4027	5004	
0.490542	3	3771	3919	4861	
0.490369	2	1883	3744	
0.490308	2	699	2695	
0.490308	2	2406	4980	
0.490169	14	278	366	901	1046	1265	1680	1844	2461	3042	3545	3811	4573	4902	5021	
0.490035	2	367	1884	
